8
6
0.0	0.0	0.0	0.0	0.0	0.0	0.0	-1.0	
0.0	0.0	0.0	0.0	0.0	0.0	0.0	-1.0	
0.0	0.0	0.0	0.0	0.0	0.0	0.0	-1.0	
0.0	0.0	0.0	0.0	0.0	0.0	0.0	-1.0	
0.0	0.0	0.0	0.0	0.0	0.0	0.0	-1.0	
0.0	0.0	0.0	0.0	0.0	0.0	0.0	0.0	
0.0	0.0	0.0	0.0	0.0	0.0	0.0	-2.0	
0.0	0.0	0.0	0.0	0.0	0.0	0.0	-2.0	
0.0	0.0	0.0	0.0	0.0	0.0	0.0	-2.0	
0.0	0.0	0.0	0.0	0.0	0.0	0.0	-2.0	
0.0	0.0	0.0	0.0	0.0	0.0	0.0	-2.0	
0.0	0.0	0.0	0.0	0.0	0.0	0.0	0.0	
0.0	0.0	0.0	0.0	0.0	0.0	0.0	-4.0	
0.0	0.0	0.0	0.0	0.0	0.0	0.0	-4.0	
0.0	0.0	0.0	0.0	0.0	0.0	0.0	-4.0	
0.0	0.0	0.0	0.0	0.0	0.0	0.0	-4.0	
0.0	0.0	0.0	0.0	0.0	0.0	0.0	-4.0	
0.0	0.0	0.0	0.0	0.0	0.0	0.0	0.0	
0.0	0.0	0.0	0.0	0.0	0.0	0.0	-8.0	
0.0	0.0	0.0	0.0	0.0	0.0	0.0	-8.0	
0.0	0.0	0.0	0.0	0.0	0.0	0.0	-8.0	
0.0	0.0	0.0	0.0	0.0	0.0	0.0	-8.0	
0.0	0.0	0.0	0.0	0.0	0.0	0.0	-8.0	
0.0	0.0	0.0	0.0	0.0	0.0	0.0	0.0	
0.0	0.0	0.0	0.0	0.0	0.0	0.0	-16.0	
0.0	0.0	0.0	0.0	0.0	0.0	0.0	-16.0	
0.0	0.0	0.0	0.0	0.0	0.0	0.0	-16.0	
0.0	0.0	0.0	0.0	0.0	0.0	0.0	-16.0	
0.0	0.0	0.0	0.0	0.0	0.0	0.0	-16.0	
0.0	0.0	0.0	0.0	0.0	0.0	0.0	0.0	
0.0	0.0	0.0	0.0	0.0	0.0	0.0	-32.0	
0.0	0.0	0.0	0.0	0.0	0.0	0.0	-32.0	
0.0	0.0	0.0	0.0	0.0	0.0	0.0	-32.0	
0.0	0.0	0.0	0.0	0.0	0.0	0.0	-32.0	
0.0	0.0	0.0	0.0	0.0	0.0	0.0	-32.0	
0.0	0.0	0.0	0.0	0.0	0.0	0.0	0.0	
0.0	0.0	0.0	0.0	0.0	0.0	0.0	-64.0	
0.0	0.0	0.0	0.0	0.0	0.0	0.0	-56.8	
0.0	0.0	0.0	0.0	0.0	0.0	0.0	-49.6	
0.0	0.0	0.0	0.0	0.0	0.0	0.0	-42.400000000000006	
0.0	0.0	0.0	0.0	0.0	0.0	0.0	-35.2	
0.0	0.0	0.0	0.0	0.0	0.0	0.0	0.0	
0.0	0.0	0.0	0.0	0.0	0.0	0.0	0.0	
0.0	0.0	0.0	0.0	0.0	0.0	0.0	0.0	
0.0	0.0	0.0	0.0	0.0	0.0	0.0	0.0	
0.0	0.0	0.0	0.0	0.0	0.0	0.0	0.0	
0.0	0.0	0.0	0.0	0.0	0.0	0.0	0.0	
0.0	0.0	0.0	0.0	0.0	0.0	0.0	0.0	
0.0	0.0	0.0	0.0	0.0	0.0	0.0	1.0	
0.0	0.11250000000000004	0.0	0.0	0.0	0.0	0.0	0.8875	
0.0	0.22499999999999998	0.0	0.0	0.0	0.0	0.0	0.775	
0.0	0.3374999999999999	0.0	0.0	0.0	0.0	0.0	0.6625000000000001	
0.0	0.44999999999999996	0.0	0.0	0.0	0.0	0.0	0.55	
0.0	1.0	0.0	0.0	0.0	0.0	0.0	0.0	
0.0	0.0	0.0	0.0	0.0	0.0	0.0	1.0	
0.0	0.0	0.11250000000000004	0.0	0.0	0.0	0.0	0.8875	
0.0	0.0	0.22499999999999998	0.0	0.0	0.0	0.0	0.775	
0.0	0.0	0.3374999999999999	0.0	0.0	0.0	0.0	0.6625000000000001	
0.0	0.0	0.44999999999999996	0.0	0.0	0.0	0.0	0.55	
0.0	0.0	1.0	0.0	0.0	0.0	0.0	0.0	
0.0	0.0	0.0	0.0	0.0	0.0	0.0	1.0	
0.0	0.0	0.0	0.11250000000000004	0.0	0.0	0.0	0.8875	
0.0	0.0	0.0	0.22499999999999998	0.0	0.0	0.0	0.775	
0.0	0.0	0.0	0.3374999999999999	0.0	0.0	0.0	0.6625000000000001	
0.0	0.0	0.0	0.44999999999999996	0.0	0.0	0.0	0.55	
0.0	0.0	0.0	1.0	0.0	0.0	0.0	0.0	
0.0	0.0	0.0	0.0	0.0	0.0	0.0	1.0	
0.0	0.0	0.0	0.0	0.11250000000000004	0.0	0.0	0.8875	
0.0	0.0	0.0	0.0	0.22499999999999998	0.0	0.0	0.775	
0.0	0.0	0.0	0.0	0.3374999999999999	0.0	0.0	0.6625000000000001	
0.0	0.0	0.0	0.0	0.44999999999999996	0.0	0.0	0.55	
0.0	0.0	0.0	0.0	1.0	0.0	0.0	0.0	
0.0	0.0	0.0	0.0	0.0	0.0	0.0	1.0	
0.0	0.0	0.0	0.0	0.0	0.11250000000000004	0.0	0.8875	
0.0	0.0	0.0	0.0	0.0	0.22499999999999998	0.0	0.775	
0.0	0.0	0.0	0.0	0.0	0.3374999999999999	0.0	0.6625000000000001	
0.0	0.0	0.0	0.0	0.0	0.44999999999999996	0.0	0.55	
0.0	0.0	0.0	0.0	0.0	1.0	0.0	0.0	
0.0	0.0	0.0	0.0	0.0	0.0	0.0	1.0	
0.0	0.0	0.0	0.0	0.0	0.0	0.11250000000000004	0.8875	
0.0	0.0	0.0	0.0	0.0	0.0	0.22499999999999998	0.775	
0.0	0.0	0.0	0.0	0.0	0.0	0.3374999999999999	0.6625000000000001	
0.0	0.0	0.0	0.0	0.0	0.0	0.44999999999999996	0.55	
0.0	0.0	0.0	0.0	0.0	0.0	1.0	0.0	
0.0	0.0	0.0	0.0	0.0	0.0	0.0	1.0	
0.0	0.0	0.0	0.0	0.0	0.0	0.0	1.0	
0.0	0.0	0.0	0.0	0.0	0.0	0.0	1.0	
0.0	0.0	0.0	0.0	0.0	0.0	0.0	1.0	
0.0	0.0	0.0	0.0	0.0	0.0	0.0	1.0	
0.0	0.0	0.0	0.0	0.0	0.0	0.0	1.0	
0.0	0.0	0.0	0.0	0.0	0.0	0.0	1.0	
0.0	0.0	0.0	0.0	0.0	0.0	0.0	1.0	
0.0	0.0	0.0	0.0	0.0	0.0	0.0	1.0	
0.0	0.0	0.0	0.0	0.0	0.0	0.0	1.0	
0.0	0.0	0.0	0.0	0.0	0.0	0.0	1.0	
0.0	0.0	0.0	0.0	0.0	0.0	0.0	1.0	
1
episodic
