7
7
0.0	0.0	0.0	0.0	0.0	0.0	-1.0	
0.0	0.0	0.0	0.0	0.0	0.0	-1.0	
0.0	0.0	0.0	0.0	0.0	0.0	-1.0	
0.0	0.0	0.0	0.0	0.0	0.0	-1.0	
0.0	0.0	0.0	0.0	0.0	0.0	-1.0	
0.0	0.0	0.0	0.0	0.0	0.0	-1.0	
0.0	0.0	0.0	0.0	0.0	0.0	0.0	
0.0	0.0	0.0	0.0	0.0	0.0	-2.0	
0.0	0.0	0.0	0.0	0.0	0.0	-2.0	
0.0	0.0	0.0	0.0	0.0	0.0	-2.0	
0.0	0.0	0.0	0.0	0.0	0.0	-2.0	
0.0	0.0	0.0	0.0	0.0	0.0	-2.0	
0.0	0.0	0.0	0.0	0.0	0.0	-2.0	
0.0	0.0	0.0	0.0	0.0	0.0	0.0	
0.0	0.0	0.0	0.0	0.0	0.0	-4.0	
0.0	0.0	0.0	0.0	0.0	0.0	-4.0	
0.0	0.0	0.0	0.0	0.0	0.0	-4.0	
0.0	0.0	0.0	0.0	0.0	0.0	-4.0	
0.0	0.0	0.0	0.0	0.0	0.0	-4.0	
0.0	0.0	0.0	0.0	0.0	0.0	-4.0	
0.0	0.0	0.0	0.0	0.0	0.0	0.0	
0.0	0.0	0.0	0.0	0.0	0.0	-8.0	
0.0	0.0	0.0	0.0	0.0	0.0	-8.0	
0.0	0.0	0.0	0.0	0.0	0.0	-8.0	
0.0	0.0	0.0	0.0	0.0	0.0	-8.0	
0.0	0.0	0.0	0.0	0.0	0.0	-8.0	
0.0	0.0	0.0	0.0	0.0	0.0	-8.0	
0.0	0.0	0.0	0.0	0.0	0.0	0.0	
0.0	0.0	0.0	0.0	0.0	0.0	-16.0	
0.0	0.0	0.0	0.0	0.0	0.0	-16.0	
0.0	0.0	0.0	0.0	0.0	0.0	-16.0	
0.0	0.0	0.0	0.0	0.0	0.0	-16.0	
0.0	0.0	0.0	0.0	0.0	0.0	-16.0	
0.0	0.0	0.0	0.0	0.0	0.0	-16.0	
0.0	0.0	0.0	0.0	0.0	0.0	0.0	
0.0	0.0	0.0	0.0	0.0	0.0	-32.0	
0.0	0.0	0.0	0.0	0.0	0.0	-29.12	
0.0	0.0	0.0	0.0	0.0	0.0	-26.240000000000002	
0.0	0.0	0.0	0.0	0.0	0.0	-23.36	
0.0	0.0	0.0	0.0	0.0	0.0	-20.48	
0.0	0.0	0.0	0.0	0.0	0.0	-17.6	
0.0	0.0	0.0	0.0	0.0	0.0	0.0	
0.0	0.0	0.0	0.0	0.0	0.0	0.0	
0.0	0.0	0.0	0.0	0.0	0.0	0.0	
0.0	0.0	0.0	0.0	0.0	0.0	0.0	
0.0	0.0	0.0	0.0	0.0	0.0	0.0	
0.0	0.0	0.0	0.0	0.0	0.0	0.0	
0.0	0.0	0.0	0.0	0.0	0.0	0.0	
0.0	0.0	0.0	0.0	0.0	0.0	0.0	
0.0	0.0	0.0	0.0	0.0	0.0	1.0	
0.0	0.08999999999999997	0.0	0.0	0.0	0.0	0.91	
0.0	0.17999999999999994	0.0	0.0	0.0	0.0	0.8200000000000001	
0.0	0.27	0.0	0.0	0.0	0.0	0.73	
0.0	0.36	0.0	0.0	0.0	0.0	0.64	
0.0	0.44999999999999996	0.0	0.0	0.0	0.0	0.55	
0.0	1.0	0.0	0.0	0.0	0.0	0.0	
0.0	0.0	0.0	0.0	0.0	0.0	1.0	
0.0	0.0	0.08999999999999997	0.0	0.0	0.0	0.91	
0.0	0.0	0.17999999999999994	0.0	0.0	0.0	0.8200000000000001	
0.0	0.0	0.27	0.0	0.0	0.0	0.73	
0.0	0.0	0.36	0.0	0.0	0.0	0.64	
0.0	0.0	0.44999999999999996	0.0	0.0	0.0	0.55	
0.0	0.0	1.0	0.0	0.0	0.0	0.0	
0.0	0.0	0.0	0.0	0.0	0.0	1.0	
0.0	0.0	0.0	0.08999999999999997	0.0	0.0	0.91	
0.0	0.0	0.0	0.17999999999999994	0.0	0.0	0.8200000000000001	
0.0	0.0	0.0	0.27	0.0	0.0	0.73	
0.0	0.0	0.0	0.36	0.0	0.0	0.64	
0.0	0.0	0.0	0.44999999999999996	0.0	0.0	0.55	
0.0	0.0	0.0	1.0	0.0	0.0	0.0	
0.0	0.0	0.0	0.0	0.0	0.0	1.0	
0.0	0.0	0.0	0.0	0.08999999999999997	0.0	0.91	
0.0	0.0	0.0	0.0	0.17999999999999994	0.0	0.8200000000000001	
0.0	0.0	0.0	0.0	0.27	0.0	0.73	
0.0	0.0	0.0	0.0	0.36	0.0	0.64	
0.0	0.0	0.0	0.0	0.44999999999999996	0.0	0.55	
0.0	0.0	0.0	0.0	1.0	0.0	0.0	
0.0	0.0	0.0	0.0	0.0	0.0	1.0	
0.0	0.0	0.0	0.0	0.0	0.08999999999999997	0.91	
0.0	0.0	0.0	0.0	0.0	0.17999999999999994	0.8200000000000001	
0.0	0.0	0.0	0.0	0.0	0.27	0.73	
0.0	0.0	0.0	0.0	0.0	0.36	0.64	
0.0	0.0	0.0	0.0	0.0	0.44999999999999996	0.55	
0.0	0.0	0.0	0.0	0.0	1.0	0.0	
0.0	0.0	0.0	0.0	0.0	0.0	1.0	
0.0	0.0	0.0	0.0	0.0	0.0	1.0	
0.0	0.0	0.0	0.0	0.0	0.0	1.0	
0.0	0.0	0.0	0.0	0.0	0.0	1.0	
0.0	0.0	0.0	0.0	0.0	0.0	1.0	
0.0	0.0	0.0	0.0	0.0	0.0	1.0	
0.0	0.0	0.0	0.0	0.0	0.0	1.0	
0.0	0.0	0.0	0.0	0.0	0.0	1.0	
0.0	0.0	0.0	0.0	0.0	0.0	1.0	
0.0	0.0	0.0	0.0	0.0	0.0	1.0	
0.0	0.0	0.0	0.0	0.0	0.0	1.0	
0.0	0.0	0.0	0.0	0.0	0.0	1.0	
0.0	0.0	0.0	0.0	0.0	0.0	1.0	
0.0	0.0	0.0	0.0	0.0	0.0	1.0	
1
episodic
