9
6
0.0	0.0	0.0	0.0	0.0	0.0	0.0	0.0	4.5	
0.0	4.0	0.0	0.0	0.0	0.0	0.0	0.0	0.0	
0.0	3.0	0.0	0.0	0.0	0.0	0.0	0.0	0.0	
0.0	2.0	0.0	0.0	0.0	0.0	0.0	0.0	0.0	
0.0	1.0	0.0	0.0	0.0	0.0	0.0	0.0	0.0	
0.0	0.0	0.0	0.0	0.0	0.0	0.0	0.0	0.0	
18.0	0.0	0.0	0.0	0.0	0.0	0.0	0.0	0.0	
0.0	0.0	20.0	0.0	0.0	0.0	0.0	0.0	0.0	
0.0	0.0	15.0	0.0	0.0	0.0	0.0	0.0	0.0	
0.0	0.0	10.0	0.0	0.0	0.0	0.0	0.0	0.0	
0.0	0.0	5.0	0.0	0.0	0.0	0.0	0.0	0.0	
0.0	0.0	0.0	0.0	0.0	0.0	0.0	0.0	0.0	
0.0	90.0	0.0	0.0	0.0	0.0	0.0	0.0	0.0	
0.0	0.0	0.0	100.0	0.0	0.0	0.0	0.0	0.0	
0.0	0.0	0.0	75.0	0.0	0.0	0.0	0.0	0.0	
0.0	0.0	0.0	50.0	0.0	0.0	0.0	0.0	0.0	
0.0	0.0	0.0	25.0	0.0	0.0	0.0	0.0	0.0	
0.0	0.0	0.0	0.0	0.0	0.0	0.0	0.0	0.0	
0.0	0.0	450.0	0.0	0.0	0.0	0.0	0.0	0.0	
0.0	0.0	0.0	0.0	500.0	0.0	0.0	0.0	0.0	
0.0	0.0	0.0	0.0	375.0	0.0	0.0	0.0	0.0	
0.0	0.0	0.0	0.0	250.0	0.0	0.0	0.0	0.0	
0.0	0.0	0.0	0.0	125.0	0.0	0.0	0.0	0.0	
0.0	0.0	0.0	0.0	0.0	0.0	0.0	0.0	0.0	
0.0	0.0	0.0	2250.0	0.0	0.0	0.0	0.0	0.0	
0.0	0.0	0.0	0.0	0.0	2500.0	0.0	0.0	0.0	
0.0	0.0	0.0	0.0	0.0	1875.0	0.0	0.0	0.0	
0.0	0.0	0.0	0.0	0.0	1250.0	0.0	0.0	0.0	
0.0	0.0	0.0	0.0	0.0	625.0	0.0	0.0	0.0	
0.0	0.0	0.0	0.0	0.0	0.0	0.0	0.0	0.0	
0.0	0.0	0.0	0.0	11250.0	0.0	0.0	0.0	0.0	
0.0	0.0	0.0	0.0	0.0	0.0	12500.0	0.0	0.0	
0.0	0.0	0.0	0.0	0.0	0.0	9375.0	0.0	0.0	
0.0	0.0	0.0	0.0	0.0	0.0	6250.0	0.0	0.0	
0.0	0.0	0.0	0.0	0.0	0.0	3125.0	0.0	0.0	
0.0	0.0	0.0	0.0	0.0	0.0	0.0	0.0	0.0	
0.0	0.0	0.0	0.0	0.0	56250.0	0.0	0.0	0.0	
0.0	0.0	0.0	0.0	0.0	0.0	0.0	62500.0	0.0	
0.0	0.0	0.0	0.0	0.0	0.0	0.0	46875.0	0.0	
0.0	0.0	0.0	0.0	0.0	0.0	0.0	31250.0	0.0	
0.0	0.0	0.0	0.0	0.0	0.0	0.0	15625.0	0.0	
0.0	0.0	0.0	0.0	0.0	0.0	0.0	0.0	0.0	
0.0	0.0	0.0	0.0	0.0	0.0	281250.0	0.0	0.0	
0.0	0.0	0.0	0.0	0.0	0.0	0.0	0.0	312500.0	
0.0	0.0	0.0	0.0	0.0	0.0	0.0	0.0	234375.0	
0.0	0.0	0.0	0.0	0.0	0.0	0.0	0.0	156250.0	
0.0	0.0	0.0	0.0	0.0	0.0	0.0	0.0	78125.0	
0.0	0.0	0.0	0.0	0.0	0.0	0.0	0.0	0.0	
0.0	0.0	0.0	0.0	0.0	0.0	0.0	0.0	0.0	
0.0	0.0	0.0	0.0	0.0	0.0	0.0	0.0	0.0	
0.0	0.0	0.0	0.0	0.0	0.0	0.0	0.0	0.0	
0.0	0.0	0.0	0.0	0.0	0.0	0.0	0.0	0.0	
0.0	0.0	0.0	0.0	0.0	0.0	0.0	0.0	0.0	
0.0	0.0	0.0	0.0	0.0	0.0	0.0	0.0	0.0	
0.0	0.0	0.0	0.0	0.0	0.0	0.0	0.0	1.0	
0.0	1.0	0.0	0.0	0.0	0.0	0.0	0.0	0.0	
0.0	1.0	0.0	0.0	0.0	0.0	0.0	0.0	0.0	
0.0	1.0	0.0	0.0	0.0	0.0	0.0	0.0	0.0	
0.0	1.0	0.0	0.0	0.0	0.0	0.0	0.0	0.0	
0.0	1.0	0.0	0.0	0.0	0.0	0.0	0.0	0.0	
1.0	0.0	0.0	0.0	0.0	0.0	0.0	0.0	0.0	
0.0	0.0	1.0	0.0	0.0	0.0	0.0	0.0	0.0	
0.0	0.0	1.0	0.0	0.0	0.0	0.0	0.0	0.0	
0.0	0.0	1.0	0.0	0.0	0.0	0.0	0.0	0.0	
0.0	0.0	1.0	0.0	0.0	0.0	0.0	0.0	0.0	
0.0	0.0	1.0	0.0	0.0	0.0	0.0	0.0	0.0	
0.0	1.0	0.0	0.0	0.0	0.0	0.0	0.0	0.0	
0.0	0.0	0.0	1.0	0.0	0.0	0.0	0.0	0.0	
0.0	0.0	0.0	1.0	0.0	0.0	0.0	0.0	0.0	
0.0	0.0	0.0	1.0	0.0	0.0	0.0	0.0	0.0	
0.0	0.0	0.0	1.0	0.0	0.0	0.0	0.0	0.0	
0.0	0.0	0.0	1.0	0.0	0.0	0.0	0.0	0.0	
0.0	0.0	1.0	0.0	0.0	0.0	0.0	0.0	0.0	
0.0	0.0	0.0	0.0	1.0	0.0	0.0	0.0	0.0	
0.0	0.0	0.0	0.0	1.0	0.0	0.0	0.0	0.0	
0.0	0.0	0.0	0.0	1.0	0.0	0.0	0.0	0.0	
0.0	0.0	0.0	0.0	1.0	0.0	0.0	0.0	0.0	
0.0	0.0	0.0	0.0	1.0	0.0	0.0	0.0	0.0	
0.0	0.0	0.0	1.0	0.0	0.0	0.0	0.0	0.0	
0.0	0.0	0.0	0.0	0.0	1.0	0.0	0.0	0.0	
0.0	0.0	0.0	0.0	0.0	1.0	0.0	0.0	0.0	
0.0	0.0	0.0	0.0	0.0	1.0	0.0	0.0	0.0	
0.0	0.0	0.0	0.0	0.0	1.0	0.0	0.0	0.0	
0.0	0.0	0.0	0.0	0.0	1.0	0.0	0.0	0.0	
0.0	0.0	0.0	0.0	1.0	0.0	0.0	0.0	0.0	
0.0	0.0	0.0	0.0	0.0	0.0	1.0	0.0	0.0	
0.0	0.0	0.0	0.0	0.0	0.0	1.0	0.0	0.0	
0.0	0.0	0.0	0.0	0.0	0.0	1.0	0.0	0.0	
0.0	0.0	0.0	0.0	0.0	0.0	1.0	0.0	0.0	
0.0	0.0	0.0	0.0	0.0	0.0	1.0	0.0	0.0	
0.0	0.0	0.0	0.0	0.0	1.0	0.0	0.0	0.0	
0.0	0.0	0.0	0.0	0.0	0.0	0.0	1.0	0.0	
0.0	0.0	0.0	0.0	0.0	0.0	0.0	1.0	0.0	
0.0	0.0	0.0	0.0	0.0	0.0	0.0	1.0	0.0	
0.0	0.0	0.0	0.0	0.0	0.0	0.0	1.0	0.0	
0.0	0.0	0.0	0.0	0.0	0.0	0.0	1.0	0.0	
0.0	0.0	0.0	0.0	0.0	0.0	1.0	0.0	0.0	
0.0	0.0	0.0	0.0	0.0	0.0	0.0	0.0	1.0	
0.0	0.0	0.0	0.0	0.0	0.0	0.0	0.0	1.0	
0.0	0.0	0.0	0.0	0.0	0.0	0.0	0.0	1.0	
0.0	0.0	0.0	0.0	0.0	0.0	0.0	0.0	1.0	
0.0	0.0	0.0	0.0	0.0	0.0	0.0	0.0	1.0	
0.0	0.0	0.0	0.0	0.0	0.0	0.0	0.0	1.0	
0.0	0.0	0.0	0.0	0.0	0.0	0.0	0.0	1.0	
0.0	0.0	0.0	0.0	0.0	0.0	0.0	0.0	1.0	
0.0	0.0	0.0	0.0	0.0	0.0	0.0	0.0	1.0	
0.0	0.0	0.0	0.0	0.0	0.0	0.0	0.0	1.0	
0.0	0.0	0.0	0.0	0.0	0.0	0.0	0.0	1.0	
1
episodic
